start=60.680000
volume=108.000000
