start=29.616667
volume=130.000000
