start=1447.181887
speed=1.100000
volume=102.000000
deinterlace=yes
sub-delay=0.200000
