start=1125.205000
volume=110.000000
sid=no
