start=2052.397948
speed=1.210000
